       N       E                     dE             d eps       ncg     rms          rms(c)
DAV:   1    -0.198069227716E+00   -0.19807E+00   -0.22378E+03  1648   0.434E+02
DAV:   2    -0.100635367665E+02   -0.98655E+01   -0.93015E+01  2552   0.567E+01
DAV:   3    -0.101718299661E+02   -0.10829E+00   -0.10827E+00  2016   0.738E+00
DAV:   4    -0.101721654100E+02   -0.33544E-03   -0.33544E-03  2568   0.418E-01
DAV:   5    -0.101721656814E+02   -0.27139E-06   -0.27124E-06  2008   0.914E-03
RMM:   6    -0.101721656827E+02   -0.12992E-08   -0.15406E-08   529   0.590E-04
   1 F= -.10172166E+02 E0= -.10171277E+02  d E =-.177815E-02
